1542967534.4534488 3306
1542967535.45705 296
1542967536.4608843 291
1542967537.4641304 295
1542967538.4711137 291
1542967539.4741695 274
1542967540.4783983 167
1542967541.4776359 161
1542967542.4816244 152
1542967543.4852629 149
1542967544.4885974 153
1542967545.4919698 152
1542967546.4997118 155
1542967547.5024667 284
1542967548.506741 290
1542967549.5099516 293
1542967550.5131948 293
1542967551.5134363 298
1542967552.5161886 295
1542991308.0752115 288
1542991368.0894964 0
1542991428.0948532 343
